3000
12 6 16 0.63
20 8 23 0.73
16 20 9 0.20
14 9 10 0.46
17 3 17 0.88
19 18 28 0.04
10 12 14 0.20
7 13 14 0.28
13 7 13 0.65
12 7 6 0.27
19 19 17 0.34
9 16 22 0.77
20 12 13 0.45
13 18 22 0.59
19 20 29 0.04
12 13 4 0.01
17 6 20 0.79
15 11 20 0.59
9 10 15 0.93
5 6 6 0.01
16 3 17 0.09
6 20 17 0.92
18 13 9 0.90
8 16 10 0.72
10 18 16 0.47
5 5 4 0.03
8 19 12 0.83
18 18 12 0.64
9 10 3 0.74
13 17 14 0.56
11 10 6 0.66
1 4 4 0.97
20 19 16 0.06
16 16 21 0.14
5 20 20 0.23
10 12 9 0.45
5 15 14 0.92
9 15 11 0.36
18 20 12 0.22
16 10 11 0.23
17 9 14 0.70
20 14 22 0.03
11 6 16 0.83
17 17 28 0.60
16 14 6 0.12
5 13 9 0.83
7 17 20 0.55
17 13 20 0.78
17 18 19 0.99
11 11 13 0.57
20 16 29 0.89
18 18 15 0.20
15 11 16 0.48
8 16 15 0.52
16 11 8 0.10
13 5 11 0.71
9 11 6 0.19
12 2 11 0.21
9 16 13 0.13
11 3 9 0.86
13 20 20 0.65
11 12 14 0.41
16 6 18 0.36
6 8 3 0.64
19 9 22 0.60
6 6 9 0.18
16 19 12 0.04
9 4 9 0.21
16 13 21 0.96
11 20 13 0.14
12 11 15 0.75
19 12 30 0.39
11 8 17 0.57
20 18 15 0.14
13 9 8 0.73
17 11 25 0.49
14 8 15 0.32
12 6 14 0.18
17 19 25 0.10
15 9 17 0.18
18 17 10 0.45
15 16 27 0.47
5 4 5 0.83
5 17 13 0.86
19 16 5 0.81
16 8 12 0.03
20 3 21 0.37
11 14 10 0.44
18 20 37 0.03
18 13 9 0.56
16 18 33 0.76
14 6 15 0.70
11 10 12 0.94
3 16 16 0.71
14 12 17 0.45
16 19 19 0.79
5 4 8 0.33
18 13 25 0.91
19 2 19 0.04
16 12 11 0.98
9 9 6 0.54
16 13 8 0.07
3 16 16 0.98
11 17 9 0.00
20 6 17 0.18
6 15 12 0.75
9 17 25 0.90
13 16 26 0.50
13 4 11 0.26
10 12 12 0.06
5 16 13 0.19
10 5 11 0.68
14 9 20 0.74
4 11 9 0.30
20 7 19 0.93
14 18 8 0.85
14 18 25 0.12
12 13 7 0.30
10 9 2 0.73
13 17 17 0.69
8 13 19 0.80
12 4 10 0.23
14 14 6 0.49
19 16 20 0.28
14 5 14 0.18
2 15 16 0.07
9 20 12 0.48
11 16 7 0.47
15 20 30 0.54
8 14 8 0.62
8 7 8 0.73
16 17 9 0.53
15 12 22 0.37
7 20 26 0.58
20 9 26 0.18
16 17 32 0.97
9 7 12 0.17
12 6 7 0.36
13 17 24 0.47
15 5 18 0.16
5 10 13 0.91
10 9 10 0.46
4 7 10 0.96
11 15 21 0.72
18 16 26 0.25
20 10 14 0.82
5 9 12 0.05
18 12 24 0.75
2 11 11 0.73
16 10 7 0.16
16 7 16 0.79
11 12 8 0.84
15 12 4 0.17
11 10 18 0.07
13 15 18 0.59
14 9 18 0.19
20 16 12 0.56
7 2 7 0.69
9 4 9 0.32
7 19 18 0.53
11 13 23 0.37
13 16 7 0.20
15 20 22 0.76
19 17 35 0.65
15 14 4 0.11
5 20 20 0.95
20 16 35 0.61
15 20 28 0.21
19 17 8 0.77
14 10 8 0.74
19 3 19 0.39
10 14 17 0.69
6 17 18 0.12
7 16 18 0.75
6 2 6 0.36
18 7 12 0.07
18 12 19 0.74
13 10 11 0.25
8 9 5 0.23
17 18 28 0.97
3 15 13 0.64
17 18 17 0.24
17 13 22 0.56
9 8 14 0.58
12 8 14 0.48
15 16 6 0.60
5 9 5 0.93
13 13 5 0.58
19 12 22 0.54
12 10 5 0.10
19 8 23 0.89
13 13 16 0.91
16 3 17 0.36
12 15 23 0.82
5 20 22 0.56
12 4 14 0.49
11 4 9 0.49
11 11 3 0.94
20 19 35 0.12
8 10 10 0.10
16 15 23 0.57
19 16 33 0.77
19 19 17 0.08
9 3 10 0.20
6 6 10 0.89
16 11 24 0.12
20 17 10 0.14
11 14 9 0.51
14 19 32 0.64
9 15 13 0.04
4 18 17 0.61
6 8 4 0.89
11 15 23 0.93
19 15 13 0.91
16 12 14 0.29
3 17 19 0.98
6 18 15 0.69
14 5 14 0.25
11 17 17 0.47
14 5 11 0.26
15 15 27 0.51
9 14 15 0.48
6 4 4 0.79
6 15 16 0.47
9 18 12 0.46
20 16 29 0.27
2 1 2 0.44
13 17 20 0.90
6 13 17 0.07
14 10 21 0.05
17 10 16 0.80
11 5 8 0.55
12 19 25 0.82
17 12 25 0.72
10 18 18 0.03
7 19 18 0.34
16 10 17 0.34
15 13 23 0.31
12 12 5 0.93
16 8 9 0.64
9 8 13 0.60
14 6 16 0.40
6 16 18 0.29
11 20 25 0.53
12 16 10 0.32
4 11 11 0.58
13 18 17 0.53
12 5 16 0.77
19 12 19 0.85
16 14 4 0.80
4 2 3 0.97
14 16 9 0.95
20 8 14 0.90
17 13 13 0.33
13 20 10 0.57
12 15 19 0.99
14 5 18 0.66
18 9 11 0.75
2 18 18 0.70
14 16 13 0.05
6 15 10 0.62
16 11 7 0.12
15 10 21 0.45
12 12 13 0.57
18 9 12 0.57
10 17 24 0.65
11 20 18 0.15
11 11 15 0.72
15 5 14 0.19
5 19 19 0.94
14 16 18 0.20
11 7 13 0.92
11 19 19 0.46
6 5 9 0.91
11 12 21 0.95
5 1 5 0.95
17 15 10 0.57
12 16 19 0.75
7 16 16 0.65
13 6 12 0.19
9 17 15 0.54
7 17 21 0.51
19 7 21 0.67
12 15 23 0.03
19 19 18 0.26
19 10 28 0.90
19 18 17 0.96
16 10 13 0.80
7 16 20 0.28
13 15 13 0.87
13 11 12 0.05
10 7 4 0.65
10 5 13 0.90
1 10 10 0.05
15 14 13 0.94
14 5 17 0.20
10 9 10 0.60
7 13 9 0.60
18 18 22 0.95
15 4 15 0.64
4 4 6 0.53
19 9 15 0.46
10 14 6 0.92
17 18 32 0.84
15 19 12 0.34
11 15 18 0.41
9 16 11 0.49
14 3 15 0.47
3 6 4 0.88
7 7 12 0.72
3 19 20 0.79
6 9 8 0.32
9 12 4 0.31
7 6 9 0.18
15 11 6 0.16
17 18 22 0.95
3 17 16 0.89
13 18 11 0.70
14 14 5 0.98
16 7 21 0.69
12 11 4 0.35
7 19 18 1.00
16 15 4 0.40
14 16 5 0.64
5 12 10 0.88
11 9 9 0.59
20 6 20 0.30
14 4 16 0.89
8 10 10 0.33
3 14 15 0.35
11 18 22 0.31
17 17 31 0.89
13 17 24 0.02
17 6 18 0.15
12 7 16 0.09
4 14 15 0.24
14 19 29 0.08
11 18 17 0.99
18 10 22 0.35
16 12 17 0.98
13 15 20 0.80
20 8 23 0.79
7 5 6 0.44
12 17 15 0.84
11 9 15 0.98
5 15 11 0.28
19 16 33 0.34
11 20 17 0.89
12 11 9 0.32
6 19 16 0.74
5 2 5 0.04
11 5 15 0.40
9 11 6 0.97
14 9 8 0.05
5 4 6 0.54
14 15 3 0.07
13 15 25 0.88
10 6 12 0.17
13 16 16 0.73
15 7 16 0.56
12 3 14 0.88
10 5 8 0.12
19 10 22 0.59
15 11 5 0.20
19 18 28 0.16
8 9 13 0.72
1 15 15 0.23
20 19 21 0.65
10 3 8 0.80
8 17 20 0.63
6 14 15 0.31
19 20 20 0.69
4 6 5 0.46
8 15 12 0.82
20 16 6 0.67
19 7 18 0.35
18 11 21 0.78
9 8 11 0.12
15 18 13 0.42
9 13 17 0.17
6 9 10 0.23
15 5 19 0.86
19 9 27 0.93
9 18 20 0.77
15 16 2 0.28
8 14 12 0.77
5 12 15 0.04
9 6 12 0.72
2 7 7 0.98
18 14 15 0.11
5 8 12 0.31
20 10 24 0.66
19 13 24 0.96
14 11 6 0.92
13 15 16 0.44
11 20 25 0.95
18 16 9 0.44
20 10 19 0.59
13 8 13 0.02
14 18 13 0.87
18 15 32 0.66
15 2 15 0.64
10 14 7 0.59
14 7 12 0.32
19 15 14 0.13
8 16 18 0.19
10 10 2 0.52
16 14 7 0.11
14 9 7 0.39
14 12 21 0.74
11 9 19 0.06
10 16 10 0.60
9 9 10 0.28
11 5 15 0.19
12 20 26 0.06
16 15 23 0.03
18 7 22 0.61
20 20 19 0.89
13 11 18 0.59
6 1 6 0.52
9 4 6 0.43
13 7 17 0.67
14 13 11 0.09
7 17 15 0.52
19 15 31 0.10
7 10 10 0.70
12 11 3 0.48
5 7 8 0.58
15 10 8 0.70
13 20 20 0.56
13 7 7 0.23
9 5 5 0.41
16 15 5 0.88
13 12 19 0.97
8 7 3 0.89
10 10 8 0.48
15 3 13 0.47
6 8 4 0.97
7 7 4 0.04
12 14 3 0.11
10 7 4 0.25
13 10 6 0.40
7 5 7 0.57
5 8 10 0.21
17 15 31 0.29
7 10 7 0.11
10 15 12 0.25
15 13 10 0.15
17 19 28 0.60
19 8 23 0.48
19 20 19 0.35
8 13 20 0.14
14 14 17 0.72
8 13 7 0.19
9 15 8 0.70
19 16 12 0.95
8 5 4 0.70
17 5 16 0.80
20 12 24 0.45
17 18 21 0.69
9 17 24 0.97
12 16 11 0.00
8 10 12 0.31
12 7 11 0.66
4 11 13 0.52
14 13 18 0.36
12 17 16 0.52
19 13 24 0.86
20 9 13 0.63
4 4 3 0.86
16 19 30 0.55
9 10 18 0.61
3 13 11 0.45
11 12 2 0.84
19 5 17 0.91
12 11 4 0.90
11 8 17 0.88
8 14 17 0.26
11 19 20 0.08
14 7 15 0.89
13 13 20 0.57
10 8 9 0.92
16 4 13 0.75
14 12 7 0.92
17 3 16 0.78
13 5 9 0.83
10 7 11 0.54
9 20 20 0.29
19 9 19 0.91
7 12 9 0.97
12 20 13 0.18
3 4 6 0.15
17 20 5 0.41
8 11 6 0.34
15 15 16 0.50
12 16 21 0.76
6 8 3 0.71
6 11 16 0.15
19 20 22 0.50
5 5 6 0.46
7 6 11 0.35
18 2 18 0.95
20 16 32 0.45
20 19 36 0.01
13 9 8 0.99
8 15 16 0.95
8 20 19 0.99
19 20 38 0.98
20 10 27 0.83
16 15 6 0.85
19 13 29 0.65
12 11 17 0.40
9 16 9 0.01
9 14 6 0.56
15 14 9 0.48
16 14 5 0.01
20 7 20 0.56
14 13 24 0.19
9 4 10 0.66
14 10 8 0.78
19 11 24 0.03
7 5 5 0.11
11 4 10 0.03
15 17 14 0.38
18 18 14 0.64
15 14 3 0.89
19 19 34 0.10
6 18 14 0.06
16 8 21 0.97
16 19 15 0.08
17 5 14 0.17
18 19 19 0.83
7 11 10 0.59
7 17 13 0.92
17 5 18 0.27
18 11 17 0.88
20 7 14 0.80
13 17 26 0.10
16 18 27 1.00
18 19 26 0.87
4 16 19 0.63
18 18 33 0.44
8 3 8 0.15
16 7 16 0.44
16 4 15 0.06
15 13 4 0.28
11 8 7 0.89
8 18 16 0.10
19 10 10 0.05
5 16 17 0.65
11 11 12 0.67
16 16 6 0.55
8 15 11 0.66
6 15 12 0.94
20 19 10 0.93
6 11 14 0.72
10 10 15 0.21
8 8 6 0.99
11 11 3 0.58
10 7 7 0.76
14 10 5 0.71
11 14 15 0.03
13 11 17 0.90
20 15 16 0.61
15 16 18 0.05
13 11 22 0.75
20 6 24 0.48
8 19 24 0.09
19 5 19 0.57
14 4 13 0.46
19 6 16 0.12
12 1 12 0.04
13 14 17 0.13
8 18 21 0.69
19 17 13 0.72
14 7 19 0.66
7 2 8 0.61
16 17 11 0.98
17 20 11 0.45
15 8 17 0.16
12 14 23 0.91
14 11 17 0.02
9 11 8 0.02
19 13 8 0.10
20 15 9 0.59
7 11 8 0.56
18 17 27 0.00
8 20 18 0.98
18 13 29 0.05
17 6 13 0.44
6 16 12 0.59
20 12 24 0.55
12 10 7 0.63
8 14 19 0.51
6 17 18 0.37
10 11 12 0.06
18 7 16 0.70
12 2 11 0.53
19 12 21 0.78
17 13 29 0.64
8 17 23 0.87
12 6 8 0.16
11 10 8 0.13
7 8 4 0.77
2 14 13 0.36
13 7 18 0.50
13 10 22 0.95
10 6 8 0.81
18 14 16 0.09
16 12 19 0.84
9 16 13 0.37
13 10 22 0.28
13 9 21 0.94
13 12 18 0.30
9 3 11 0.12
15 20 25 0.13
19 17 3 0.77
14 9 17 0.68
18 15 30 0.08
17 16 23 0.99
11 19 10 0.44
15 15 3 0.24
17 17 6 0.73
20 14 21 0.73
18 10 14 0.04
15 17 26 0.97
10 11 4 0.28
9 11 13 0.16
8 5 4 0.80
15 12 6 0.18
14 4 15 0.24
15 10 24 0.44
7 10 14 0.40
11 9 19 0.40
15 19 23 0.33
18 15 21 0.83
16 7 17 0.57
19 14 22 0.92
17 16 27 0.54
7 11 12 0.34
13 13 25 0.34
9 11 4 0.39
14 9 16 0.39
5 8 6 0.48
4 5 8 0.58
6 14 19 0.42
11 11 21 0.50
13 2 14 0.76
10 4 7 0.57
15 14 15 0.23
11 9 4 0.91
3 18 17 0.62
6 8 10 0.39
18 10 10 0.57
9 18 24 0.11
18 15 4 0.31
18 20 24 0.89
18 10 13 0.29
7 7 9 0.69
14 4 15 0.41
12 13 4 0.43
8 20 20 0.31
15 18 26 0.78
12 12 9 0.63
4 13 16 0.70
12 14 22 0.27
9 18 22 0.65
16 10 11 0.71
19 20 37 0.43
12 7 11 0.60
10 18 24 0.23
10 11 20 0.14
10 11 17 0.90
6 15 12 0.60
20 9 12 0.78
3 18 16 0.25
11 11 7 0.92
16 13 27 0.90
14 12 25 0.20
16 12 20 0.92
20 12 9 0.96
9 15 22 0.19
15 16 17 0.02
8 3 9 0.17
7 11 7 0.77
15 9 11 0.17
19 13 30 0.92
15 1 15 0.31
12 5 16 0.71
6 6 3 0.89
17 13 9 0.70
8 20 15 0.13
19 18 17 0.20
9 7 13 0.18
10 14 6 0.35
19 10 21 0.53
13 10 16 0.90
5 11 10 0.70
19 11 16 0.37
8 15 9 0.21
4 18 18 0.54
10 19 17 0.79
9 9 6 0.11
8 11 18 0.74
7 18 12 0.41
13 9 16 0.86
3 1 3 0.11
5 17 19 0.93
14 13 4 0.61
18 8 24 0.98
14 16 28 0.69
20 20 6 0.55
8 8 2 0.23
19 9 15 0.54
16 15 10 0.07
5 7 5 0.05
20 7 22 0.21
18 10 23 0.74
20 18 12 0.84
13 6 11 0.33
14 18 7 0.71
16 13 27 0.43
18 9 10 0.21
3 15 15 0.85
4 16 17 1.00
10 6 11 0.82
12 12 15 0.80
15 3 16 0.80
15 10 10 0.50
7 17 22 0.66
18 14 5 0.79
15 9 7 0.44
6 17 16 0.05
20 16 20 0.58
18 17 32 0.97
13 18 23 0.82
11 11 14 0.07
19 12 26 0.77
12 11 20 0.82
16 8 16 0.26
16 10 14 0.02
12 18 26 0.63
17 12 13 0.60
8 5 8 0.02
8 7 3 0.91
17 18 4 0.54
18 8 18 0.87
16 16 15 0.56
19 6 14 0.02
15 18 20 0.98
10 10 15 0.70
10 13 18 0.59
16 16 29 0.59
13 4 14 0.29
6 14 17 0.58
19 16 13 0.02
6 18 16 0.22
8 8 14 0.50
7 18 21 0.98
19 19 16 0.82
11 19 23 0.43
13 15 11 0.08
11 14 14 0.21
12 17 22 0.77
5 5 2 0.08
8 11 7 0.75
2 7 6 0.24
13 10 15 0.80
7 16 22 0.73
20 13 16 0.57
18 12 16 0.22
4 20 23 0.93
18 6 13 0.61
17 15 28 0.50
18 14 23 0.29
11 15 5 0.32
20 20 25 0.51
8 19 17 0.74
16 19 11 0.94
18 16 20 0.19
13 4 13 0.38
20 3 22 0.34
10 9 12 0.06
2 7 7 0.13
12 13 17 0.40
6 7 6 0.54
7 16 15 0.07
14 18 19 0.87
8 16 13 0.70
7 20 25 0.09
15 12 13 0.85
15 10 12 0.19
10 10 15 0.72
10 9 12 0.82
7 17 16 0.79
16 7 19 0.48
12 12 18 0.17
15 16 19 0.10
18 9 23 0.05
10 14 5 0.10
5 12 9 0.83
8 5 8 0.41
19 13 19 0.76
8 8 2 0.35
15 17 14 0.20
14 18 22 0.65
10 10 10 0.88
10 9 17 0.45
5 17 20 0.83
13 19 28 0.53
13 13 8 0.87
16 16 20 0.74
8 9 2 0.11
13 14 16 0.79
14 11 21 0.90
6 19 18 0.48
12 9 15 0.49
6 8 13 0.67
10 14 13 0.92
4 9 10 0.64
18 20 31 0.06
7 8 8 0.62
6 15 10 0.51
12 16 26 0.17
6 13 8 0.12
8 7 8 0.57
9 13 15 0.42
19 15 7 0.92
7 11 15 0.22
6 14 12 0.56
14 13 16 0.08
13 8 14 0.87
20 20 17 0.79
11 18 15 0.59
18 15 4 0.89
17 12 28 0.14
12 15 6 0.00
16 20 31 0.50
15 10 10 0.81
16 17 25 0.59
20 12 16 0.24
20 18 3 1.00
5 7 4 0.96
8 7 7 0.69
8 13 9 0.01
8 13 16 0.08
16 9 24 0.05
12 20 24 0.66
18 17 28 0.48
7 14 15 0.82
10 8 3 0.04
19 13 30 0.12
16 13 14 0.83
11 7 6 0.38
10 19 21 0.07
14 13 21 0.77
15 12 5 0.95
18 16 8 0.78
6 20 21 0.66
3 9 11 0.66
10 9 10 0.52
4 18 21 0.03
18 19 17 0.65
13 7 16 0.57
4 4 1 0.08
11 17 11 0.45
16 6 21 0.91
7 10 5 0.98
10 19 10 0.16
7 6 12 0.67
4 15 13 0.43
11 13 4 0.84
14 20 11 0.77
8 8 9 0.83
13 11 7 0.18
15 9 13 0.77
19 17 7 0.84
3 18 18 1.00
14 8 10 0.51
16 4 15 0.48
19 13 19 0.37
11 18 16 0.65
5 14 14 0.74
17 19 22 0.73
4 11 13 0.02
14 11 9 0.58
17 19 9 0.55
9 12 19 0.51
15 3 13 0.26
20 15 24 0.03
9 8 6 0.63
19 15 8 0.92
20 15 14 0.27
11 9 5 0.71
10 14 23 0.31
20 20 28 0.38
14 19 31 0.17
15 15 4 0.99
15 8 20 0.96
12 3 12 0.28
12 10 4 0.81
10 20 19 0.10
11 9 15 0.09
6 9 4 0.10
12 3 12 0.85
20 14 21 0.26
12 12 19 0.58
9 20 24 0.38
14 12 19 0.73
9 12 9 0.76
19 19 11 0.78
6 9 9 0.59
6 8 5 0.52
18 11 27 0.28
3 7 8 1.00
9 11 3 0.74
19 15 6 0.34
13 9 15 0.23
13 7 8 0.08
6 5 3 0.98
7 18 21 0.13
8 14 19 0.92
20 7 25 0.22
2 8 9 0.04
13 17 22 0.43
15 3 15 0.45
10 16 25 0.75
16 15 25 0.92
4 15 16 0.55
18 15 16 0.90
13 11 5 0.89
10 13 18 0.63
18 11 16 0.27
2 17 18 0.69
17 16 10 0.40
16 7 19 0.27
17 18 8 0.29
13 14 7 0.11
13 14 7 1.00
16 4 18 0.70
15 6 15 0.64
18 17 10 0.52
10 18 15 0.26
5 3 5 0.11
16 17 32 0.92
8 10 7 0.43
16 12 18 0.05
17 15 10 0.55
15 16 7 0.16
18 20 32 0.01
16 12 6 0.42
8 8 6 0.13
6 7 12 0.98
20 14 30 0.05
15 17 17 0.60
18 7 19 0.26
17 2 17 0.43
11 6 6 0.18
20 6 15 0.09
18 2 19 0.71
16 11 10 0.89
9 16 14 0.29
10 20 20 0.46
7 17 13 0.04
12 9 11 0.49
12 9 12 0.32
20 10 24 0.26
5 18 18 0.51
10 3 11 0.40
5 7 11 0.99
12 19 26 0.54
9 2 10 0.37
12 13 24 0.99
13 12 4 0.91
11 6 10 0.40
12 14 7 0.85
11 12 11 0.59
7 18 22 0.74
12 20 24 0.78
16 11 15 0.04
6 16 20 0.01
17 19 7 0.26
3 10 12 0.77
15 7 19 0.75
17 13 29 0.85
19 4 16 0.47
13 16 24 0.03
7 8 9 0.99
6 6 9 0.25
20 11 22 0.52
20 16 19 0.46
14 12 25 0.70
9 19 13 0.41
16 13 13 0.98
9 8 15 0.08
14 15 5 0.37
6 17 20 0.45
9 17 21 0.85
9 20 13 0.25
15 6 15 0.73
15 5 17 0.25
20 16 10 0.96
1 15 15 0.09
6 6 3 0.38
20 20 23 0.83
16 14 8 0.17
17 20 15 0.82
13 10 9 0.22
6 11 9 0.29
12 10 19 0.91
8 18 21 0.87
14 7 8 0.60
18 16 22 0.62
17 14 5 0.78
20 12 24 0.52
6 17 19 0.41
8 11 17 0.71
11 9 5 0.48
5 10 12 0.68
10 7 14 0.34
6 8 10 0.73
20 15 8 0.43
8 13 13 0.28
18 8 18 0.39
10 8 14 0.71
3 14 14 0.28
18 17 20 0.83
11 12 4 0.61
17 18 7 0.79
5 7 11 0.10
10 7 10 0.99
9 6 8 0.67
16 11 9 0.73
4 17 19 0.55
17 10 24 0.01
16 14 26 0.03
19 8 14 0.43
16 20 25 0.98
20 17 24 0.92
17 20 25 0.54
18 17 23 0.98
9 19 13 0.50
10 11 6 0.74
19 20 9 0.53
3 3 5 0.12
8 14 12 0.68
8 10 15 0.02
10 4 9 0.22
13 17 13 0.34
3 16 16 0.38
12 19 30 0.36
10 12 17 0.53
7 2 6 0.30
20 12 20 0.49
9 19 14 0.76
17 16 16 0.54
12 4 9 0.42
3 17 18 0.02
17 14 10 0.73
20 16 19 0.87
16 9 13 0.65
14 15 3 0.09
5 8 8 0.72
12 6 16 0.23
6 17 21 0.92
5 5 7 0.59
14 19 29 0.82
16 18 19 0.24
17 14 13 0.31
13 4 11 0.44
20 18 25 0.74
17 13 17 0.17
9 15 15 0.61
13 9 16 0.45
11 9 12 0.39
13 17 23 0.77
9 5 12 0.07
18 20 16 0.55
2 2 2 0.12
7 16 21 0.38
7 8 5 0.64
10 10 8 0.41
20 19 23 0.81
14 5 14 0.09
20 10 13 0.41
11 19 19 0.41
12 13 8 0.31
13 20 13 0.67
17 20 27 0.92
14 7 20 0.77
3 6 4 0.29
17 5 19 0.36
9 18 14 0.40
6 16 13 0.19
15 20 28 0.94
20 17 15 0.06
18 7 15 0.70
14 3 14 0.43
12 13 15 0.48
14 9 17 0.17
19 13 22 0.84
8 11 4 0.41
11 10 14 0.34
5 4 7 0.82
9 11 11 0.89
20 5 22 0.88
7 8 5 0.84
8 12 17 0.83
9 14 22 0.86
20 14 17 0.19
11 20 21 1.00
12 10 21 0.23
15 11 19 0.66
10 8 8 0.21
20 17 22 0.64
19 19 29 0.75
10 15 9 0.82
16 11 7 0.54
11 10 19 0.81
8 9 12 0.80
16 5 13 0.09
17 14 26 0.72
12 11 9 0.12
11 3 13 0.74
13 19 8 0.73
14 17 26 0.56
19 17 25 0.37
11 6 16 0.11
13 7 10 0.77
17 17 23 0.52
14 15 7 0.12
17 5 20 0.97
19 15 23 0.02
11 7 15 0.73
15 12 14 0.19
16 12 13 0.60
17 17 10 0.88
8 5 4 0.24
6 10 10 0.57
12 11 8 0.39
17 20 33 0.80
20 16 22 0.36
18 4 18 0.43
9 20 26 0.63
7 16 22 0.29
4 20 17 1.00
12 10 8 0.01
19 11 26 0.11
6 9 6 0.12
9 20 16 0.45
16 6 21 0.86
10 7 14 0.84
12 16 14 0.79
10 11 12 0.38
7 16 18 0.21
10 2 11 0.35
17 19 32 0.15
5 12 9 0.59
9 18 17 0.22
19 11 11 0.71
19 14 21 0.10
14 18 21 0.35
12 19 18 0.78
20 9 23 0.92
20 16 24 0.98
2 1 2 0.89
16 13 9 0.52
17 4 15 0.43
7 10 4 0.01
9 12 6 0.16
16 17 29 0.46
13 15 24 0.75
14 11 22 0.61
19 6 22 0.94
12 8 9 0.05
4 11 13 0.16
11 11 13 0.09
17 12 23 0.07
19 12 17 0.87
5 6 9 0.54
14 19 26 0.47
11 7 6 0.13
10 13 6 0.83
13 13 22 0.80
13 4 12 0.60
3 19 19 0.54
11 13 21 0.70
15 13 4 0.25
14 16 10 0.13
9 13 10 0.21
11 9 6 0.18
13 15 22 0.51
17 12 17 0.16
17 19 32 0.54
12 10 19 0.52
12 4 13 0.72
14 20 28 0.46
15 17 8 0.48
17 12 6 0.87
13 13 13 0.88
5 9 9 0.85
17 16 15 0.51
8 14 21 0.49
17 20 13 0.32
14 11 19 0.30
6 12 17 0.44
8 8 4 0.99
7 18 15 0.59
8 11 10 0.90
17 4 20 0.26
10 14 5 0.76
17 13 19 0.33
5 6 7 0.92
17 14 5 0.02
14 15 22 0.32
14 2 15 0.54
16 10 12 0.91
12 17 6 0.58
17 10 24 0.91
17 13 12 0.08
13 11 7 0.85
11 5 7 0.09
16 20 17 0.46
18 8 16 0.68
20 11 21 0.33
18 17 26 0.00
18 12 29 0.90
15 13 22 0.94
17 14 12 0.27
7 20 25 0.40
18 19 34 0.32
13 13 2 0.91
12 15 18 0.12
9 7 15 0.46
6 8 12 0.95
10 19 10 0.54
6 18 20 0.33
11 8 9 0.09
11 14 8 0.43
20 15 12 0.40
16 16 2 0.70
17 17 15 0.70
14 20 31 0.96
13 13 20 0.99
9 3 9 0.45
19 16 11 0.17
17 9 10 0.62
14 10 17 0.51
14 8 18 0.64
17 11 8 0.25
13 15 17 0.58
5 20 16 0.85
12 4 9 0.99
14 14 25 0.34
7 13 9 0.86
8 8 11 0.61
11 13 13 0.83
16 20 17 0.46
15 19 30 0.11
11 18 23 0.14
14 13 13 0.30
11 7 9 0.63
2 8 9 0.58
19 18 20 0.03
15 2 16 0.48
5 10 11 0.33
6 15 17 0.65
5 17 19 0.70
20 18 15 0.48
9 10 15 0.39
16 17 26 0.77
5 2 5 0.50
19 12 14 0.81
4 11 9 0.54
13 10 9 0.12
7 18 24 0.27
17 9 18 0.80
12 13 3 0.03
10 9 7 0.09
19 10 16 0.22
20 18 22 0.46
5 9 10 0.41
15 11 11 0.15
10 2 11 0.23
20 8 14 0.00
12 4 10 0.25
19 14 15 0.62
8 4 11 0.96
11 16 19 0.37
8 12 11 0.28
9 10 16 0.40
9 12 19 0.74
20 16 10 0.96
11 19 9 0.19
14 13 8 1.00
14 14 19 0.50
8 8 11 0.95
18 20 33 0.04
4 15 16 0.28
14 13 26 0.02
8 20 25 0.23
5 10 10 0.45
20 11 13 0.41
16 9 22 0.84
16 19 16 0.18
16 15 19 0.44
12 18 22 0.24
18 16 32 0.72
9 2 9 0.78
10 13 8 0.34
16 19 29 0.92
13 9 19 0.60
7 4 8 0.88
19 14 8 0.41
10 10 16 0.89
6 10 10 0.35
15 12 23 0.06
18 6 14 0.05
17 16 18 0.08
15 17 30 0.81
15 18 7 0.46
12 12 5 0.07
16 14 3 0.18
19 15 9 0.72
19 12 26 0.27
7 14 8 0.24
13 5 12 0.24
16 12 9 0.18
9 2 8 0.79
13 10 19 0.84
15 19 7 0.29
20 5 24 0.71
15 15 8 0.08
11 10 19 0.72
18 19 24 0.75
6 15 17 0.46
17 14 12 0.18
13 16 22 0.18
15 17 27 0.81
3 5 6 0.02
5 19 16 0.52
10 11 19 0.12
17 15 5 0.43
18 20 3 0.03
20 18 31 0.29
20 16 5 0.53
17 17 26 0.81
4 5 6 0.57
18 11 18 0.15
17 20 8 0.74
17 15 28 0.72
20 10 13 0.14
18 11 17 0.81
17 11 14 0.31
11 4 12 0.49
15 10 22 0.70
19 8 25 0.28
1 8 8 0.20
8 16 23 0.37
11 6 13 0.68
3 13 15 0.42
10 11 7 0.16
19 11 26 0.38
18 14 17 0.59
20 13 23 0.91
14 18 6 0.72
20 18 27 0.80
13 20 12 0.37
18 18 28 0.56
20 19 34 0.25
7 4 9 0.08
17 9 23 0.93
4 7 9 0.50
15 14 3 0.45
14 13 9 0.97
6 13 11 0.91
18 7 22 0.78
16 13 17 0.30
6 15 19 0.59
18 14 15 0.50
7 9 9 0.48
20 12 29 0.09
5 17 19 0.62
13 17 20 0.01
5 4 3 0.32
9 12 7 0.10
19 9 19 0.17
19 6 19 0.47
13 7 13 0.38
7 16 12 0.32
7 8 7 0.96
18 14 5 0.05
12 15 25 0.25
5 14 15 0.68
20 9 17 0.45
20 13 27 0.14
14 11 17 0.49
10 13 13 0.60
19 7 15 0.34
19 16 14 0.29
16 12 16 0.50
13 11 19 0.43
15 5 11 0.24
15 11 7 0.52
18 13 13 0.39
11 16 24 0.73
10 15 7 0.75
11 4 14 0.05
10 10 15 0.83
18 6 16 0.77
11 8 14 0.74
9 9 8 0.01
8 17 19 0.83
5 19 22 0.14
15 15 22 0.55
20 18 13 0.53
11 3 9 0.30
15 4 12 0.03
3 8 6 0.70
19 19 23 0.11
15 11 25 0.10
11 11 14 0.55
14 16 3 0.82
16 16 23 0.41
14 15 4 0.53
15 20 7 0.62
13 8 12 0.92
16 13 8 0.38
8 7 10 0.80
16 18 30 0.68
19 10 18 0.85
17 20 23 0.35
20 14 10 0.32
12 18 26 0.19
10 17 13 0.93
13 16 12 0.46
12 12 22 0.69
9 14 11 0.82
14 17 6 0.55
16 9 18 0.24
16 8 14 0.94
12 12 8 1.00
14 19 13 0.47
7 6 4 0.27
11 7 9 0.72
13 17 5 0.43
11 15 10 0.57
18 12 9 0.33
20 20 25 0.11
15 18 6 0.42
14 17 25 0.47
17 20 18 0.85
7 7 8 0.54
18 11 15 0.39
11 2 10 0.06
19 10 12 0.92
10 6 13 0.26
10 18 27 0.39
5 4 8 0.39
16 12 23 0.88
17 9 18 0.18
12 12 18 0.25
9 11 16 0.09
13 5 12 0.06
14 15 22 0.99
11 5 9 0.44
13 11 20 0.81
15 16 21 0.05
17 15 17 0.14
5 14 16 0.11
16 7 10 0.62
14 15 10 0.35
19 8 18 0.09
12 9 4 0.35
7 4 7 0.42
12 2 11 0.29
9 14 15 0.37
6 12 8 0.95
20 17 26 0.84
19 3 20 0.01
6 18 17 0.54
11 5 8 0.62
9 18 17 0.50
19 15 33 0.28
14 17 20 0.01
17 19 30 0.42
5 6 10 0.78
8 18 17 0.48
13 12 22 0.68
10 10 16 0.27
9 7 5 0.94
18 12 25 0.70
16 13 27 0.54
15 2 15 0.03
3 14 15 0.42
16 5 12 0.52
10 12 19 0.67
12 16 16 0.61
15 6 13 0.50
9 12 10 0.45
13 8 19 0.72
19 12 23 0.10
16 3 17 0.17
11 6 11 0.10
10 10 14 0.08
15 11 17 0.81
14 16 17 0.26
10 14 15 0.32
20 15 25 0.38
10 7 5 0.19
18 4 19 0.15
18 5 20 0.97
4 16 19 0.08
6 5 5 0.32
18 19 25 0.76
12 8 15 0.34
12 17 24 0.87
12 15 13 0.27
16 7 20 0.89
17 16 12 0.18
8 1 8 0.77
18 16 7 0.57
20 13 17 0.99
15 16 29 0.66
10 17 8 0.31
14 12 10 0.31
9 7 14 0.02
15 10 18 0.35
20 11 14 0.22
6 5 7 0.37
15 12 7 0.92
17 12 13 0.30
8 11 8 0.29
12 11 4 0.03
17 8 16 0.14
14 6 18 0.37
11 18 16 0.24
12 17 20 0.64
13 10 8 0.34
12 17 6 0.38
13 8 12 0.60
13 20 22 0.98
9 6 6 0.81
13 14 22 0.60
19 8 16 0.35
14 10 14 0.71
17 18 8 0.78
15 14 21 0.95
9 14 13 0.59
10 16 8 0.13
15 7 14 0.90
15 10 7 0.06
13 15 17 0.30
12 8 6 0.73
20 18 37 0.79
12 19 12 0.15
19 10 11 0.59
20 20 39 0.33
15 8 19 0.35
13 7 16 0.39
10 13 10 0.12
12 20 14 0.74
13 17 13 0.02
3 15 14 0.02
5 12 15 0.83
12 15 7 0.79
16 10 24 0.02
7 7 5 0.78
12 7 12 0.73
9 13 21 0.99
6 15 11 0.81
18 15 31 0.74
18 12 23 0.53
7 6 4 0.11
12 7 11 0.26
7 20 15 0.08
11 10 20 0.50
2 15 14 0.30
20 15 14 1.00
11 20 15 0.69
15 9 19 0.76
6 9 8 0.58
12 9 14 0.46
15 13 4 0.96
13 18 23 0.91
14 14 3 0.07
5 17 21 0.27
14 12 13 0.71
7 11 15 0.58
8 14 7 0.41
9 17 9 0.39
7 16 18 0.73
16 19 13 0.97
7 14 18 0.64
13 16 19 0.41
19 11 11 0.70
17 18 26 0.84
1 17 17 0.23
14 11 15 0.92
17 18 8 0.53
5 3 6 0.11
8 15 19 0.43
15 14 13 0.62
6 13 17 0.39
10 5 10 0.01
15 5 18 0.54
17 18 4 0.15
9 16 18 0.38
19 8 18 0.66
6 7 10 0.17
20 14 17 0.47
19 15 15 0.24
13 18 7 0.97
8 17 12 0.36
12 12 14 0.12
19 9 20 0.86
9 5 5 0.23
12 14 20 0.18
13 17 23 0.60
9 20 24 0.85
8 15 8 0.41
4 6 4 0.53
8 13 17 0.17
15 20 27 0.35
13 17 20 0.14
15 15 14 0.51
13 15 14 0.63
13 13 12 0.27
15 6 15 0.66
15 9 10 0.49
11 9 14 0.88
3 9 7 0.79
14 13 12 0.86
20 15 9 0.87
11 12 22 0.48
18 11 17 0.53
6 14 16 0.73
20 8 27 1.00
15 4 13 0.62
6 18 20 0.75
4 10 11 0.65
16 9 14 0.24
17 18 8 0.82
2 19 18 0.31
7 5 10 0.65
11 7 17 0.52
10 12 17 0.60
17 18 33 0.40
17 17 32 0.49
1 6 6 0.79
9 14 15 0.24
20 9 26 0.90
12 2 11 0.47
15 9 22 0.12
13 8 11 0.67
4 6 4 0.15
17 12 23 0.77
7 6 10 0.82
13 13 25 0.73
14 2 14 0.01
10 7 13 0.87
17 8 11 0.72
10 8 3 0.11
11 14 5 0.94
15 7 17 0.27
8 8 13 0.49
10 12 19 0.88
8 11 10 0.70
10 14 12 0.69
18 2 18 0.70
14 14 3 0.71
4 16 15 0.83
10 9 11 0.82
17 20 17 0.50
6 6 7 0.79
7 1 7 0.31
14 11 15 0.26
17 16 31 0.45
6 15 18 0.36
9 9 3 0.06
3 15 14 0.54
20 14 22 0.10
20 6 24 0.65
17 4 20 0.69
2 6 5 0.57
5 13 16 0.23
9 15 10 0.21
13 6 13 0.39
18 14 10 0.47
20 20 28 0.52
4 4 7 0.92
19 12 18 0.39
18 10 13 0.68
20 15 9 0.82
16 20 21 0.20
18 9 26 0.61
18 18 5 0.65
5 15 11 0.96
19 14 19 0.60
11 12 6 0.25
15 15 13 0.23
15 7 20 0.80
10 10 4 0.17
7 5 3 0.85
16 20 30 0.25
11 17 8 0.22
14 16 5 0.66
13 16 6 0.55
11 18 19 0.57
14 14 21 0.58
17 17 5 0.41
10 20 29 0.80
5 2 5 0.79
19 6 23 0.90
17 6 18 0.61
11 20 14 0.27
13 12 2 0.02
6 14 19 0.36
5 6 6 0.96
17 7 20 0.16
5 4 2 0.57
19 4 18 0.25
14 17 11 0.41
18 20 22 0.19
13 16 13 0.57
16 20 22 0.33
8 15 9 0.91
15 9 15 0.28
7 12 12 0.37
20 20 1 0.18
17 17 8 0.13
19 15 27 0.15
15 10 15 0.05
15 6 18 0.93
12 17 14 0.22
20 7 23 0.88
13 14 6 0.78
6 15 18 0.40
19 12 16 0.96
13 10 10 0.83
15 8 19 0.84
11 14 17 0.96
17 12 27 0.39
13 9 20 0.43
19 17 6 0.58
13 18 19 0.02
14 17 17 0.55
14 18 6 0.53
10 9 15 0.46
5 7 7 0.26
18 12 24 0.43
14 4 14 0.25
8 14 16 0.14
7 7 5 0.87
6 15 19 0.74
19 20 7 0.26
15 13 26 0.25
4 6 6 0.05
14 12 12 0.66
7 14 19 0.01
18 18 16 0.94
14 10 8 0.83
14 5 11 0.50
18 16 20 0.57
16 7 22 0.83
14 9 8 0.05
3 6 7 0.25
7 14 15 0.12
15 13 23 0.50
3 17 16 0.63
15 16 8 0.13
8 3 8 0.92
17 12 16 0.46
12 11 17 0.27
20 11 23 0.59
8 5 5 0.19
6 6 10 0.52
13 17 9 0.40
15 19 14 0.15
15 8 21 0.79
8 15 11 0.86
18 18 32 0.12
6 13 12 0.95
2 14 14 0.61
4 5 4 0.97
18 17 31 0.40
18 11 16 0.99
4 14 12 0.15
13 10 7 0.40
8 8 12 0.12
9 11 13 0.87
16 16 14 0.64
18 13 6 0.34
15 19 32 0.11
11 6 7 0.31
15 20 9 0.72
5 11 14 0.79
9 11 6 0.28
18 5 20 0.28
16 14 5 0.32
14 11 13 0.58
13 11 23 0.25
13 17 17 0.55
18 11 23 0.19
20 3 22 0.34
16 10 16 0.74
16 13 11 0.69
16 17 15 0.71
8 20 15 0.59
16 11 23 0.64
14 4 17 0.29
10 12 6 0.13
5 16 14 0.53
18 4 20 0.80
15 10 18 0.01
16 16 11 0.38
14 7 8 0.19
4 9 9 0.19
17 12 20 0.84
15 13 22 0.59
17 6 19 0.51
6 10 12 0.12
5 8 8 0.59
13 14 13 0.78
2 4 5 0.37
10 5 14 0.73
6 16 16 0.31
16 18 9 0.18
11 11 11 0.56
10 19 26 0.56
19 10 12 0.63
20 4 17 0.15
16 18 25 0.29
15 12 4 0.79
19 6 23 0.48
8 16 10 0.25
14 9 13 0.69
13 16 24 0.39
13 6 17 0.47
14 12 20 0.54
10 19 26 0.08
19 9 11 0.85
17 5 13 0.34
10 12 17 0.95
19 19 18 0.76
13 15 10 0.66
19 18 6 0.31
1 14 14 0.87
16 15 6 0.90
14 10 12 0.77
20 13 8 0.47
17 19 35 0.89
17 5 19 0.33
11 11 19 0.32
15 14 3 0.71
8 18 24 0.77
20 4 20 0.99
17 18 33 0.51
16 18 26 0.89
10 9 8 0.35
4 10 11 0.27
5 10 13 0.98
12 8 18 0.05
8 16 14 1.00
16 20 22 0.41
5 1 5 0.60
13 11 13 0.02
4 5 8 0.25
19 10 14 0.62
13 15 7 0.72
14 20 25 0.64
17 7 16 0.40
14 13 16 0.68
13 11 18 0.91
16 11 21 0.97
19 11 20 0.84
14 16 8 0.27
14 8 13 0.19
17 12 25 0.79
9 14 6 0.52
6 10 6 0.00
18 9 21 0.02
12 19 15 0.24
7 10 6 0.41
18 4 17 0.61
17 10 22 0.85
8 15 10 0.68
20 15 26 0.58
19 19 13 0.30
14 5 13 0.41
7 9 12 0.69
7 9 9 0.44
13 2 12 0.65
3 5 4 0.71
20 17 13 0.85
10 7 6 0.90
13 12 11 0.77
17 2 18 0.97
10 18 25 0.57
15 10 19 0.79
6 8 7 0.91
7 10 7 0.68
18 7 15 0.98
6 16 16 0.60
15 13 23 0.43
12 18 26 0.32
20 17 20 0.81
9 19 18 0.75
4 2 5 0.61
19 9 11 0.56
10 13 20 0.04
10 4 10 0.17
20 5 19 0.16
4 15 16 0.53
15 18 13 0.77
7 17 13 0.23
12 16 17 0.74
11 16 9 0.18
9 8 6 0.91
10 14 11 0.38
8 7 10 0.59
9 13 15 0.17
12 11 10 0.57
15 11 22 0.39
6 13 13 0.03
19 11 19 0.33
10 12 4 0.14
19 13 21 0.85
19 9 23 0.13
12 5 14 0.14
8 3 8 0.14
6 9 14 0.17
10 18 20 0.28
11 11 15 0.35
19 4 19 0.52
10 6 10 0.32
10 10 7 0.06
19 14 7 0.92
5 6 6 0.63
5 8 12 0.10
8 9 16 0.85
6 11 12 0.23
18 14 17 0.57
16 13 6 0.87
8 4 6 0.27
20 9 21 0.36
8 5 12 0.90
12 15 22 0.48
17 13 11 0.56
11 16 20 0.00
12 6 8 0.99
13 14 20 0.25
6 9 9 0.92
12 12 12 0.73
16 11 21 0.01
17 18 32 0.69
20 18 3 0.56
19 10 19 0.31
18 20 6 0.36
19 11 29 0.11
11 12 10 0.24
11 7 7 0.09
18 17 9 0.38
10 18 25 0.26
9 16 8 0.39
19 4 22 0.97
20 8 13 0.47
14 11 24 0.66
19 10 27 0.39
16 19 20 0.64
18 8 18 0.19
11 12 21 0.15
20 13 21 0.31
20 8 13 0.80
7 15 17 0.56
10 11 6 0.62
17 10 18 0.91
7 12 9 0.73
17 17 8 0.34
2 8 8 0.92
14 14 17 0.95
11 15 6 0.32
16 8 10 0.40
4 14 14 0.50
19 18 24 0.84
13 18 6 0.05
6 8 8 0.02
2 15 14 0.48
18 20 7 0.10
8 14 7 0.12
18 11 19 0.55
14 16 9 0.65
11 17 27 0.46
7 12 9 0.77
15 7 11 0.47
20 20 3 0.99
6 8 6 0.03
19 5 22 0.77
18 14 14 0.51
16 16 21 0.62
18 18 5 0.98
9 8 8 0.14
13 14 13 0.57
5 8 8 0.44
17 15 26 0.00
19 18 29 0.20
19 17 7 0.49
9 11 4 0.77
18 14 11 0.41
10 18 13 0.84
16 9 18 0.45
8 7 12 0.34
10 8 8 0.53
12 13 5 0.56
18 11 13 0.92
16 4 18 0.35
13 10 20 0.83
9 17 17 0.16
12 15 6 0.25
4 7 7 0.73
18 9 16 0.12
8 8 10 1.00
15 14 26 0.66
20 17 4 0.21
14 6 18 0.74
10 18 21 0.71
10 20 29 0.36
13 18 15 1.00
14 17 11 0.95
12 15 24 0.02
20 8 20 0.12
19 12 29 0.38
15 15 22 0.62
16 17 21 0.12
15 9 14 0.42
8 10 4 0.43
18 11 11 0.47
14 16 19 0.38
11 5 7 0.74
20 9 14 0.08
15 19 9 0.92
13 17 29 0.95
20 5 24 0.14
12 10 6 0.98
2 20 19 0.25
13 12 6 0.69
14 13 25 0.95
15 16 17 0.18
12 10 8 0.89
6 17 20 0.79
14 5 13 0.04
11 16 10 0.71
9 14 14 0.25
12 16 24 0.83
17 10 16 0.81
11 17 24 0.19
9 18 20 0.53
14 11 9 0.97
16 15 28 0.38
12 11 21 0.87
8 10 13 0.69
6 14 14 0.63
15 6 16 0.06
11 15 24 0.75
4 16 13 0.32
17 19 35 0.53
18 9 13 0.39
3 2 2 0.73
14 19 9 0.35
18 13 30 0.58
15 13 21 0.25
16 16 28 0.67
12 6 8 0.86
20 16 10 0.64
10 16 16 0.50
19 13 8 0.05
20 10 16 0.29
15 18 20 0.55
18 15 6 0.53
14 18 10 0.61
19 10 14 0.06
5 18 17 0.81
9 19 13 0.92
7 8 14 0.93
9 9 2 0.17
3 4 5 0.37
16 14 25 0.10
19 20 12 0.94
13 13 18 0.20
7 9 4 0.19
11 18 21 0.70
20 17 10 0.77
14 8 20 0.36
17 18 6 0.24
15 15 16 0.63
14 14 14 0.13
16 14 29 0.28
12 19 26 0.43
12 9 15 0.53
12 17 12 0.99
7 3 8 0.64
14 11 10 0.10
11 16 21 0.50
6 8 5 0.89
3 10 12 0.59
18 13 11 0.32
10 17 22 0.02
20 13 17 0.65
17 7 21 0.30
19 11 26 0.04
8 13 17 0.18
12 17 8 0.68
18 18 27 0.52
7 3 5 0.86
12 18 29 0.08
13 17 26 0.26
18 10 27 0.41
6 6 10 0.28
8 20 24 0.07
8 15 16 0.20
10 15 13 0.82
14 16 27 0.53
9 17 9 0.60
19 15 22 0.74
15 11 22 0.77
15 3 16 0.66
4 18 19 0.15
15 14 21 0.21
20 19 27 0.54
8 9 11 0.60
9 20 25 0.19
7 6 8 0.39
16 4 19 0.43
12 15 5 0.81
9 18 24 0.08
15 11 11 0.76
11 13 17 0.89
7 8 10 0.04
8 20 24 0.89
14 19 28 0.10
19 4 17 0.85
7 8 6 0.05
9 17 18 0.31
19 16 19 0.46
18 16 6 0.11
11 14 15 0.57
16 16 6 0.61
14 14 2 0.60
19 16 24 0.27
8 19 20 0.52
15 17 22 0.63
13 19 13 0.77
19 19 10 0.27
14 13 20 0.43
14 10 16 0.26
19 16 15 0.04
19 20 33 0.77
4 14 14 0.11
19 14 9 0.55
7 19 21 0.81
9 9 7 0.26
14 18 19 0.83
9 12 19 0.83
19 12 10 0.94
9 8 5 0.48
12 14 4 0.84
19 4 20 0.54
15 20 23 0.67
10 18 27 0.37
9 5 12 0.60
11 11 12 0.48
12 5 8 0.27
3 9 10 0.89
7 18 22 0.54
13 9 7 0.56
11 14 24 0.28
8 6 6 0.95
14 9 15 0.52
20 7 20 0.37
8 9 6 0.60
16 8 10 0.07
18 14 14 0.75
17 13 15 0.98
15 15 29 0.38
18 15 28 0.77
11 6 8 0.42
12 15 14 0.42
13 5 12 0.75
18 19 35 0.69
16 13 23 0.34
14 19 25 0.73
15 15 9 0.37
9 8 16 0.67
17 18 15 0.86
2 12 12 0.11
2 10 11 0.40
15 11 21 0.09
7 16 12 0.39
13 9 12 0.53
9 12 19 0.79
8 18 17 0.88
13 13 12 0.87
18 6 21 0.24
5 3 7 0.31
4 5 8 0.81
17 8 19 0.87
13 10 4 0.17
10 7 10 0.05
11 18 16 0.93
17 16 19 0.69
18 13 17 0.67
15 19 28 0.41
7 15 18 0.23
18 18 16 0.77
14 15 8 0.17
10 18 9 0.61
13 9 13 0.82
7 12 8 0.25
7 15 19 0.46
15 17 19 0.95
10 14 20 0.29
16 19 10 0.41
5 14 16 0.64
15 16 18 0.59
11 14 11 0.76
12 16 17 0.91
5 15 12 0.84
14 7 18 0.96
13 9 14 0.65
12 7 10 0.64
14 5 18 0.50
2 9 10 0.47
14 17 25 0.26
3 11 9 0.78
10 5 8 0.17
15 12 20 0.97
4 11 8 0.99
19 17 27 0.84
12 18 29 0.39
14 11 19 0.25
13 7 12 0.79
20 16 6 0.92
15 3 17 0.33
20 20 33 0.15
3 7 7 0.14
8 3 9 0.96
16 13 14 0.98
12 15 8 0.23
8 9 14 0.41
18 20 31 0.22
12 18 7 0.43
15 18 19 0.66
7 5 3 0.46
7 5 9 0.69
14 6 12 0.79
17 6 14 0.42
7 6 2 0.11
17 11 20 0.90
9 14 6 0.52
20 6 16 0.87
18 14 21 0.60
6 15 13 0.02
16 6 12 0.61
9 18 11 0.00
6 10 7 0.24
15 15 10 0.94
9 15 15 0.51
12 19 15 0.40
9 12 7 0.97
20 18 28 0.29
20 12 14 0.20
13 12 10 0.58
16 13 21 0.70
19 7 24 0.43
18 16 13 0.53
13 13 23 0.39
17 17 11 0.29
9 17 24 0.52
13 12 16 0.47
17 15 19 0.19
9 8 5 0.99
18 16 31 0.36
8 11 13 0.56
15 18 29 0.40
20 9 23 0.71
20 8 23 0.54
17 10 13 0.82
16 6 16 0.77
11 4 11 0.69
18 14 10 0.54
16 13 26 0.14
18 20 13 0.97
16 15 30 0.60
17 13 24 0.22
13 19 18 0.51
16 11 11 0.08
5 12 11 0.09
8 6 11 0.90
17 17 13 0.62
5 17 20 0.51
14 8 18 0.09
12 14 16 0.00
20 19 23 0.86
11 15 18 0.56
11 11 9 0.10
7 19 20 0.45
17 18 22 0.23
11 10 11 0.13
18 19 12 0.56
16 17 28 0.11
10 6 13 0.78
2 7 8 0.02
7 14 9 0.69
9 13 11 0.49
13 9 17 0.47
16 18 16 0.00
11 10 2 0.13
10 13 22 0.34
4 9 7 0.71
2 5 5 0.75
20 14 29 0.85
9 6 14 0.20
6 19 16 0.72
4 9 12 0.63
19 20 11 0.03
11 17 10 0.08
13 8 20 0.64
18 8 11 0.91
17 17 12 0.56
9 12 20 0.07
9 13 10 0.78
16 19 31 0.20
11 18 14 0.79
13 8 9 0.57
11 19 21 0.32
10 5 12 0.74
15 13 5 0.85
10 14 8 0.89
8 16 17 0.14
6 16 17 0.75
20 15 19 0.44
3 12 10 0.23
1 5 5 0.36
16 8 17 0.91
19 8 22 0.16
18 7 19 0.80
18 18 16 0.43
16 10 11 0.86
16 16 5 0.52
13 14 9 0.45
10 4 7 0.06
13 9 8 0.71
19 7 25 0.12
19 19 36 0.28
11 18 18 0.64
5 6 9 0.49
15 13 13 0.85
4 16 13 0.57
16 15 16 0.96
9 6 10 0.60
3 17 15 0.95
14 13 9 0.19
8 15 10 0.86
6 15 16 0.23
17 10 17 0.56
17 2 18 0.82
9 15 17 0.82
13 17 26 0.19
6 2 6 0.35
13 14 14 0.68
13 12 11 0.96
7 15 20 0.55
5 6 7 0.26
7 13 15 0.59
11 6 12 0.72
10 9 15 0.62
5 10 7 0.63
16 17 13 0.85
20 8 22 0.84
12 12 4 0.54
8 3 8 0.21
11 13 22 0.15
18 17 27 0.49
11 8 5 0.33
11 12 6 0.02
15 9 15 0.10
15 8 12 0.77
4 15 13 0.00
19 9 11 0.54
10 19 19 0.53
9 7 14 0.04
9 15 19 0.04
19 14 8 0.03
7 9 10 0.07
19 19 36 0.44
12 13 7 0.64
16 16 16 0.34
5 18 22 0.39
18 12 9 0.23
9 17 21 0.28
12 18 9 0.49
11 7 7 0.60
8 16 23 0.70
9 19 15 0.70
8 13 10 0.93
9 4 10 0.15
15 18 19 0.16
10 19 14 0.61
13 6 10 0.45
20 15 16 0.96
11 10 16 0.93
19 19 18 0.41
10 19 10 0.07
8 20 22 0.98
13 11 6 0.77
10 7 15 0.66
18 16 8 0.37
10 8 14 0.89
5 12 16 0.21
14 13 18 0.17
13 17 11 0.19
12 7 14 0.09
10 11 3 0.48
11 12 16 0.60
14 16 13 0.40
14 5 11 0.61
15 15 5 0.74
17 15 29 0.94
4 6 4 0.61
9 14 14 0.41
9 19 12 0.65
12 9 9 0.44
5 19 23 0.84
10 15 20 0.26
13 12 17 0.09
18 14 21 0.29
3 14 15 0.34
20 5 18 0.88
12 11 2 0.64
7 8 12 0.36
8 13 17 0.66
7 13 13 0.96
20 10 21 0.47
17 8 13 0.76
2 20 21 0.30
10 11 14 0.53
16 10 9 0.26
20 2 19 0.82
14 16 10 0.32
5 10 14 0.54
13 9 18 0.66
7 9 4 0.19
7 18 17 0.69
15 4 15 0.43
16 20 16 0.76
16 7 13 0.32
11 14 5 0.20
16 9 16 0.92
15 16 10 0.36
13 9 9 0.19
16 11 8 0.72
17 16 5 0.29
6 1 6 0.40
16 16 30 0.35
5 9 7 0.67
16 20 35 0.49
3 4 4 0.17
13 10 11 0.30
8 10 11 0.64
20 14 26 0.84
15 8 11 0.50
18 20 21 0.00
19 19 31 0.47
14 15 17 0.28
16 15 23 0.83
11 9 9 0.66
14 14 26 0.06
7 6 7 0.54
9 15 14 0.64
15 5 12 0.31
15 9 14 0.66
20 13 13 0.28
13 19 23 0.98
3 5 7 0.52
12 13 2 0.35
19 16 12 0.45
20 1 20 0.96
15 14 11 0.76
18 16 28 0.82
10 18 25 0.31
14 8 12 0.70
19 12 11 0.62
10 11 4 0.69
5 14 12 0.41
10 18 13 0.82
5 9 13 0.25
9 14 15 0.90
13 6 13 0.76
3 6 8 0.37
15 16 20 0.42
14 20 17 0.94
9 12 6 0.68
13 20 23 0.96
11 5 7 0.52
5 6 3 0.31
11 9 14 0.22
5 10 11 0.85
16 9 13 0.20
14 4 12 0.62
14 7 19 0.64
13 8 13 0.44
19 16 5 0.02
8 12 12 0.51
20 12 18 0.49
17 12 9 0.60
11 15 14 0.93
5 20 16 0.24
5 18 18 0.49
20 15 26 0.12
12 15 22 0.96
15 4 12 0.70
18 12 7 0.91
16 6 21 0.84
11 9 5 0.10
12 6 16 0.19
6 8 7 0.53
14 15 16 0.70
17 15 19 0.45
13 19 8 0.10
7 2 6 0.03
6 10 8 0.21
17 6 14 0.76
20 4 21 0.88
16 11 14 0.73
11 11 3 0.38
13 1 13 0.19
9 17 24 0.90
17 14 24 0.95
8 8 6 0.39
9 14 20 0.53
10 9 9 0.65
14 7 12 0.44
14 14 7 0.44
17 4 18 0.38
17 12 10 0.25
4 13 14 0.92
7 17 22 0.76
13 7 13 0.54
14 19 9 0.03
11 3 9 0.37
8 18 12 0.20
6 7 3 0.39
14 8 11 0.12
5 17 18 0.05
7 14 9 0.80
6 9 9 0.21
14 17 8 0.81
18 12 11 0.11
2 2 2 0.19
18 7 19 0.10
10 8 11 0.35
14 13 3 0.86
20 11 19 0.50
16 19 28 0.91
9 19 15 0.01
17 5 17 0.51
19 20 17 0.72
16 16 30 0.21
9 5 13 0.86
7 18 17 0.77
20 18 6 0.65
3 15 17 0.25
17 10 21 0.52
8 7 3 0.13
12 10 13 0.01
13 19 16 0.39
20 16 34 0.64
18 14 24 0.91
6 6 3 0.70
4 17 18 0.63
16 14 12 0.59
12 7 13 0.62
12 5 11 0.36
4 15 16 0.11
5 11 11 0.27
16 15 5 0.15
11 10 4 0.70
14 12 23 0.47
5 15 13 0.47
5 16 18 0.92
11 6 11 0.66
11 18 25 0.58
12 14 12 0.61
18 13 24 0.57
13 11 11 0.49
14 3 15 0.87
11 9 18 0.16
8 19 19 0.11
10 20 24 0.48
17 10 9 0.87
18 13 9 0.09
16 19 7 0.62
19 19 7 0.78
9 14 9 0.31
8 5 4 0.41
18 18 29 0.42
3 12 10 0.98
18 11 22 0.18
16 18 21 0.13
16 16 20 0.18
7 12 6 0.33
19 7 15 0.55
19 18 9 0.92
12 18 23 0.26
3 19 21 0.17
8 18 14 0.79
17 11 11 0.75
18 18 14 0.01
8 17 21 0.81
7 5 6 0.55
15 9 21 0.61
8 17 12 0.62
4 7 8 0.36
10 12 21 0.40
10 3 11 0.21
17 18 13 0.73
6 10 7 0.45
6 13 11 0.34
15 19 10 0.78
20 17 14 0.45
5 17 19 0.09
13 12 17 0.31
17 20 7 0.03
2 13 14 0.55
7 19 23 1.00
6 18 14 0.67
11 12 3 0.43
15 16 23 0.64
8 17 20 0.36
15 16 30 0.62
7 11 5 0.58
10 17 19 0.10
2 17 16 0.99
9 10 16 0.29
16 6 11 0.33
9 12 8 0.84
13 16 4 0.56
8 19 13 1.00
11 18 19 0.95
7 5 5 0.68
17 8 23 0.39
6 11 13 0.27
9 2 8 0.26
14 17 17 0.35
18 8 14 0.91
9 9 12 0.91
12 13 16 0.41
17 5 20 0.01
15 10 18 0.29
19 20 22 0.27
5 12 9 0.68
19 2 19 0.54
15 15 15 0.29
16 14 19 0.22
4 9 9 0.39
3 6 8 0.33
17 17 5 0.76
10 16 7 0.93
16 11 18 0.97
3 4 2 0.12
9 13 8 0.95
17 13 7 0.40
15 4 13 0.38
10 4 11 0.74
9 16 22 0.76
19 16 6 0.18
13 14 12 0.29
19 20 9 0.67
8 12 6 0.68
19 4 17 0.25
16 11 11 0.37
9 10 8 0.44
20 12 29 0.91
20 16 15 0.61
6 14 13 0.95
10 14 5 0.15
1 13 13 0.52
6 10 8 0.52
12 20 19 0.83
18 12 8 0.52
18 15 32 0.98
9 17 24 0.49
19 17 3 0.67
12 16 21 0.14
12 13 21 0.43
19 14 17 0.78
19 15 29 0.33
20 19 22 0.57
8 6 12 0.90
17 17 33 0.20
10 20 24 0.89
12 3 13 0.56
9 20 22 0.02
17 9 22 0.22
10 14 21 0.41
15 12 26 1.00
19 13 12 0.02
16 11 11 0.73
7 20 24 0.41
12 18 21 0.65
8 10 12 0.19
7 16 18 0.81
19 15 9 0.89
15 18 31 0.33
4 8 9 0.27
20 14 14 0.86
19 12 22 0.70
18 17 9 0.21
12 10 6 0.42
15 6 13 0.84
19 18 25 0.43
13 11 20 0.62
16 18 18 0.66
14 13 25 0.15
13 17 8 0.99
20 8 19 0.37
14 9 18 0.72
13 10 6 0.39
10 14 10 0.26
20 7 25 0.35
7 16 11 0.60
8 12 11 0.11
11 6 6 0.89
8 10 15 0.18
12 6 7 0.00
14 10 12 0.45
13 20 17 0.77
20 8 19 0.03
15 12 22 0.05
4 4 2 0.17
6 9 5 0.83
12 11 18 0.69
13 10 12 1.00
20 6 18 0.62
14 7 17 0.58
15 15 19 0.95
10 10 8 0.95
10 16 20 0.42
15 2 15 0.65
13 20 23 0.72
9 9 15 0.14
12 8 13 0.18
16 7 16 0.63
6 10 5 0.52
13 10 16 0.13
15 18 9 0.76
8 10 13 0.84
13 13 18 0.92
7 8 4 0.14
2 18 17 0.13
16 20 14 0.82
10 9 16 0.50
15 10 8 0.54
20 7 20 0.14
8 15 18 0.54
13 13 3 0.40
3 4 3 0.66
14 20 30 0.57
15 19 26 0.35
2 6 7 0.12
14 10 10 0.95
3 4 2 0.08
13 3 13 0.54
13 5 9 0.16
10 12 11 0.73
16 10 10 0.77
20 17 25 0.99
3 18 18 0.73
12 4 14 0.60
18 15 22 0.60
5 18 19 0.23
19 20 13 0.61
11 16 18 0.78
15 19 16 0.43
20 10 20 0.30
13 9 5 0.10
15 17 8 0.74
5 20 20 0.02
12 8 14 0.35
10 17 22 0.71
3 8 7 0.02
12 7 14 0.22
19 20 3 0.82
11 9 15 0.66
9 17 10 0.85
5 2 5 0.67
7 12 13 0.77
1 7 7 0.19
4 9 12 0.08
9 11 15 0.24
19 13 30 0.09
12 14 18 0.86
4 10 12 0.53
18 12 8 0.00
15 16 27 0.70
12 17 8 0.79
3 12 14 0.51
8 10 5 0.66
6 13 18 0.67
15 7 12 0.62
4 4 6 0.93
19 19 7 0.79
19 10 21 0.23
6 15 19 0.40
16 14 18 0.01
18 18 9 0.21
10 1 10 0.77
19 8 13 0.92
12 16 23 0.50
13 5 16 0.39
7 7 13 0.81
17 17 4 0.99
6 3 7 0.46
16 9 13 0.02
9 18 10 0.35
16 7 15 0.88
19 10 22 0.98
8 4 5 0.21
8 12 14 0.17
12 9 20 0.10
7 14 13 0.17
9 13 11 0.97
18 12 18 0.38
20 12 31 0.50
6 15 16 0.47
16 18 29 0.47
6 17 12 0.77
17 6 12 0.49
14 16 23 0.81
20 14 21 0.86
4 9 12 0.33
16 8 13 0.91
11 15 8 0.22
12 4 12 0.83
10 19 27 0.04
17 14 29 0.66
12 4 14 0.72
17 3 15 0.24
10 5 6 0.66
12 18 13 0.25
12 13 21 0.50
20 11 20 0.73
8 15 15 0.58
9 14 8 0.83
16 15 23 0.45
19 5 17 0.29
9 4 7 0.10
15 18 13 0.51
10 4 13 0.72
19 14 8 0.09
20 18 34 0.88
18 13 28 0.04
15 19 12 0.09
12 13 16 0.85
16 18 16 0.62
12 6 8 0.48
13 19 12 0.13
12 12 5 0.20
5 2 4 0.63
9 5 11 0.60
11 5 15 0.88
3 18 20 0.25
20 9 22 0.21
13 16 21 0.75
10 9 3 0.17
18 10 14 0.85
10 5 7 0.22
18 12 22 0.45
18 16 15 0.86
20 14 18 0.38
14 8 11 0.38
7 20 26 0.41
3 8 9 0.84
9 15 12 0.10
15 17 7 0.50
10 8 7 0.34
2 9 9 0.49
10 20 16 0.30
19 18 36 0.02
17 20 11 0.90
18 20 16 0.90
7 13 11 0.12
8 18 13 0.17
8 5 11 0.28
16 15 19 0.95
11 14 21 0.14
19 19 35 0.01
6 15 15 0.56
17 20 34 0.46
5 16 12 0.17
19 20 21 0.39
15 11 16 0.76
15 19 22 0.45
15 17 29 0.74
11 13 12 0.26
7 4 6 0.77
7 11 7 0.67
18 12 19 0.07
9 12 11 0.78
19 10 21 0.72
15 14 10 0.90
8 9 4 0.10
11 14 4 0.52
9 12 4 0.98
15 15 20 0.14
12 18 23 0.62
16 11 14 0.11
17 5 14 0.98
14 14 15 0.35
9 10 14 0.82
13 20 12 0.81
18 12 28 0.11
15 11 19 0.07
11 17 17 0.88
17 8 18 0.35
20 6 21 0.85
15 10 16 0.81
15 13 23 0.65
13 13 24 0.74
7 18 24 0.22
19 16 31 0.91
16 13 9 0.28
5 13 10 0.59
14 3 16 0.37
8 4 5 0.27
11 10 16 0.05
16 17 24 0.13
9 4 11 0.11
13 10 16 0.69
8 10 8 0.67
18 17 14 0.87
15 9 19 0.35
18 12 29 0.92
10 18 22 0.87
19 17 29 0.77
8 10 4 0.72
19 13 30 0.33
20 15 25 0.55
7 17 20 0.62
7 19 21 0.53
12 9 13 0.69
12 10 5 0.51
8 6 6 0.84
13 7 12 0.76
14 16 28 0.47
18 17 23 0.75
5 2 5 0.26
19 3 18 0.11
14 17 12 0.56
14 12 12 0.57
16 14 26 0.99
11 2 10 0.06
11 19 17 0.46
14 11 22 0.21
8 15 17 0.76
6 13 17 0.97
18 15 32 0.20
7 6 3 0.99
5 8 4 0.19
17 12 19 0.51
20 18 29 0.41
15 18 7 0.25
18 11 10 0.22
7 6 6 0.02
12 6 17 0.78
13 10 5 0.88
6 19 14 0.99
15 16 26 0.69
10 10 10 0.10
17 6 15 0.57
5 8 8 0.41
8 7 11 0.60
18 13 28 0.42
12 9 17 0.35
10 2 11 0.57
13 3 11 0.48
16 3 17 0.02
14 20 32 0.12
14 14 2 0.21
15 6 20 0.15
12 12 22 0.20
8 12 6 0.59
5 13 9 0.17
20 17 16 0.67
5 4 5 0.37
18 13 24 0.02
8 8 15 0.10
5 19 20 0.73
15 15 28 0.90
13 11 3 0.83
